##################################################################
##
## Carlin, Gelfand and Smith (1992): Hierarchical Bayesian Analysis of Changepoint Problems
## Counts of coal mining disasters in Great Britain by year from 1851 to 1962.
##
##################################################################
rm(list=ls(all=TRUE))
set.seed(79861)

y <- c(4,5,4,1,0,4,3,4,0,6,3,3,4,0,2,6,3,3,5,4,5,3,1,4,4,1,5,5,3,4,2,5,2,2,3,4,2,1,3,2,2,1,1,1,1,3,0,0,1,0,1,1,0,0,3,1,0,3,2,2,0,1,1,1,0,1,0,1,0,0,0,2,1,0,0,0,1,1,0,2,3,3,1,1,2,1,1,1,1,2,4,2,0,0,0,1,4,0,0,0,1,0,0,0,0,0,1,0,0,1, 0,1)
n <- length(y)  ## the number of obs.


