index height child age group
1    111.0     1   6     1
2    110.0     2   6     1
3    113.7     3   6     1
4    114.0     4   6     1
5    114.5     5   6     1
6    112.0     6   6     1
7    116.0     7   6     2
8    117.6     8   6     2
9    121.0     9   6     2
10   114.5    10   6     2
11   117.4    11   6     2
12   113.7    12   6     2
13   113.6    13   6     2
14   120.4    14   6     3
15   120.2    15   6     3
16   118.9    16   6     3
17   120.7    17   6     3
18   121.0    18   6     3
19   115.9    19   6     3
20   125.1    20   6     3
21   116.4     1   7     1
22   115.8     2   7     1
23   119.7     3   7     1
24   118.9     4   7     1
25   122.0     5   7     1
26   117.3     6   7     1
27   122.0     7   7     2
28   123.2     8   7     2
29   127.3     9   7     2
30   119.0    10   7     2
31   123.2    11   7     2
32   119.7    12   7     2
33   119.1    13   7     2
34   125.0    14   7     3
35   128.5    15   7     3
36   125.6    16   7     3
37   126.7    17   7     3
38   128.1    18   7     3
39   121.3    19   7     3
40   131.8    20   7     3
41   121.7     1   8     1
42   121.5     2   8     1
43   125.3     3   8     1
44   124.6     4   8     1
45   126.4     5   8     1
46   124.4     6   8     1
47   126.6     7   8     2
48   129.3     8   8     2
49   134.5     9   8     2
50   124.0    10   8     2
51   129.5    11   8     2
52   125.3    12   8     2
53   124.8    13   8     2
54   132.0    14   8     3
55   134.6    15   8     3
56   132.1    16   8     3
57   133.8    17   8     3
58   134.3    18   8     3
59   127.4    19   8     3
60   141.3    20   8     3
61   126.3     1   9     1
62   126.6     2   9     1
63   130.1     3   9     1
64   129.1     4   9     1
65   131.2     5   9     1
66   129.2     6   9     1
67   132.6     7   9     2
68   134.5     8   9     2
69   139.9     9   9     2
70   130.0    10   9     2
71   134.5    11   9     2
72   130.1    12   9     2
73   130.8    13   9     2
74   136.6    14   9     3
75   141.0    15   9     3
76   139.1    16   9     3
77   140.7    17   9     3
78   140.3    18   9     3
79   135.1    19   9     3
80   146.8    20   9     3
81   130.5     1  10     1
82   131.4     2  10     1
83   136.0     3  10     1
84   134.0     4  10     1
85   135.0     5  10     1
86   135.2     6  10     1
87   137.6     7  10     2
88   138.9     8  10     2
89   145.4     9  10     2
90   135.1    10  10     2
91   140.0    11  10     2
92   135.9    12  10     2
93   136.3    13  10     2
94   140.7    14  10     3
95   146.5    15  10     3
96   144.0    16  10     3
97   146.0    17  10     3
98   144.0    18  10     3
99   141.1    19  10     3
100  152.3    20  10     3
